46,4
46,3
46,2
46,1
46,0
45,4
45,3
45,2
45,1
45,0
44,4
44,3
44,2
44,1
44,0
43,4
43,3
43,2
43,1
43,0
0,471
0,470
42,5
42,4
42,3
42,2
42,1
42,0
41,4
41,3
41,2
41,1
41,0
40,3
40,2
40,1
40,0
0,469
0,468
39,5
39,4
39,3
39,2
39,1
39,0
0,467
0,466
0,465
0,464
38,4
38,3
38,2
38,1
38,0
0,463
0,462
32,4
0,461
0,460
0,459
0,458
0,457
0,456
0,455
0,454
0,453
0,452
0,451
0,450
0,449
0,448
0,447
0,446
0,445
37,5
37,4
37,3
37,2
0,444
0,443
37,1
37,0
0,442
0,441
0,440
0,439
0,438
0,437
0,436
0,435
0,434
0,433
0,432
0,431
0,430
36,4
36,3
36,2
0,429
0,428
36,1
36,0
0,427
0,426
0,425
31,4
0,424
0,423
0,422
0,421
0,420
0,419
0,418
0,417
0,416
0,415
0,414
0,413
0,412
0,411
35,5
35,4
35,3
35,2
0,410
0,409
35,1
35,0
0,408
0,407
0,406
0,405
0,404
0,403
0,402
0,401
0,400
0,399
0,398
0,397
0,396
34,4
34,3
34,2
0,395
34,1
34,0
29,4
0,278
0,394
0,393
0,392
0,391
0,390
0,389
0,388
0,387
0,386
0,385
0,273
0,270
